
power = 2775.94671821212
throughput = 16574.31
composite = 6783.02303188853
